# Array shape: (8, 4, 10)
0.10    0.00    0.00    0.00    0.00    0.00    0.00    0.00    0.00    0.00   
0.55    0.57    0.61    0.53    0.56    0.58    0.59    0.56    0.52    0.62   
0.53    0.53    0.53    0.53    0.53    0.53    0.53    0.53    0.53    0.53   
0.53    0.53    0.53    0.53    0.53    0.53    0.53    0.53    0.53    0.53   
# New slice
0.56    0.63    0.54    0.63    0.59    0.56    0.62    0.53    0.56    0.59   
0.61    0.65    0.60    0.66    0.63    0.62    0.68    0.59    0.62    0.64   
0.52    0.52    0.61    0.52    0.52    0.52    0.52    0.52    0.52    0.52   
0.52    0.52    0.52    0.52    0.52    0.52    0.52    0.52    0.52    0.52   
# New slice
0.00    0.00    0.00    0.00    0.00    0.00    0.00    0.00    0.00    0.00   
0.37    0.32    0.34    0.30    0.38    0.33    0.32    0.29    0.25    0.33   
0.42    0.42    0.42    0.42    0.42    0.42    0.42    0.42    0.42    0.42   
0.42    0.42    0.42    0.42    0.42    0.42    0.42    0.42    0.42    0.42   
# New slice
0.00    0.00    0.00    0.00    0.00    0.00    0.00    0.00    0.00    0.00   
0.49    0.39    0.46    0.49    0.49    0.45    0.49    0.45    0.45    0.50   
0.41    0.41    0.41    0.41    0.41    0.41    0.41    0.41    0.41    0.41   
0.41    0.41    0.41    0.41    0.41    0.41    0.41    0.41    0.41    0.41   
# New slice
0.00    0.00    0.00    0.00    0.00    0.00    0.00    0.00    0.00    0.00   
0.28    0.26    0.29    0.26    0.27    0.26    0.21    0.28    0.28    0.25   
0.07    0.07    0.12    0.07    0.07    0.07    0.07    0.17    0.07    0.07   
0.07    0.07    0.07    0.07    0.07    0.07    0.07    0.07    0.07    0.07   
# New slice
0.00    0.00    0.00    0.00    0.00    0.00    0.00    0.00    0.00    0.00   
0.32    0.25    0.27    0.26    0.28    0.23    0.25    0.29    0.27    0.28   
0.04    0.19    0.05    0.11    0.04    0.15    0.04    0.19    0.04    0.17   
0.04    0.19    0.05    0.11    0.04    0.07    0.04    0.19    0.04    0.17   
# New slice
0.00    0.00    0.00    0.00    0.00    0.00    0.00    0.00    0.00    0.00   
0.03    0.01    0.03    0.02    0.03    0.02    0.03    0.03    0.02    0.03   
0.02    0.02    0.02    0.02    0.02    0.02    0.02    0.02    0.02    0.02   
0.02    0.02    0.02    0.02    0.02    0.02    0.02    0.02    0.02    0.02   
# New slice
0.00    0.00    0.00    0.00    0.00    0.00    0.00    0.00    0.00    0.00   
0.01    0.00    0.03    0.03    0.01    0.01    0.02    0.01    0.02    0.02   
0.02    0.02    0.02    0.02    0.02    0.02    0.02    0.02    0.02    0.02   
0.02    0.02    0.02    0.02    0.02    0.02    0.02    0.02    0.02    0.02   
# New slice
