# Array shape: (8, 4, 10)
0.53    0.50    0.50    0.50    0.50    0.50    0.50    0.50    0.50    0.50   
0.59    0.62    0.66    0.59    0.61    0.62    0.64    0.62    0.57    0.67   
0.50    0.50    0.50    0.50    0.50    0.50    0.50    0.50    0.50    0.50   
0.50    0.50    0.50    0.50    0.50    0.50    0.50    0.50    0.50    0.50   
# New slice
0.67    0.72    0.66    0.72    0.70    0.68    0.72    0.66    0.68    0.69   
0.70    0.73    0.69    0.74    0.71    0.71    0.75    0.68    0.71    0.72   
0.50    0.50    0.70    0.50    0.50    0.50    0.50    0.50    0.50    0.50   
0.50    0.50    0.50    0.50    0.50    0.50    0.50    0.50    0.50    0.50   
# New slice
0.50    0.50    0.50    0.50    0.50    0.50    0.50    0.50    0.50    0.50   
0.52    0.50    0.48    0.46    0.52    0.50    0.47    0.44    0.39    0.47   
0.50    0.50    0.50    0.50    0.50    0.50    0.50    0.50    0.50    0.50   
0.50    0.50    0.50    0.50    0.50    0.50    0.50    0.50    0.50    0.50   
# New slice
0.50    0.50    0.50    0.50    0.50    0.50    0.50    0.50    0.50    0.50   
0.65    0.57    0.62    0.65    0.65    0.61    0.65    0.61    0.61    0.66   
0.50    0.50    0.50    0.50    0.50    0.50    0.50    0.50    0.50    0.50   
0.50    0.50    0.50    0.50    0.50    0.50    0.50    0.50    0.50    0.50   
# New slice
0.50    0.50    0.50    0.50    0.50    0.50    0.50    0.50    0.50    0.50   
0.85    0.80    0.85    0.79    0.81    0.82    0.79    0.83    0.83    0.80   
0.50    0.50    0.71    0.50    0.50    0.50    0.50    0.77    0.50    0.50   
0.50    0.50    0.50    0.50    0.50    0.50    0.50    0.50    0.50    0.50   
# New slice
0.50    0.50    0.50    0.50    0.50    0.50    0.50    0.50    0.50    0.50   
0.95    0.81    0.89    0.88    0.92    0.85    0.91    0.84    0.91    0.84   
0.50    0.81    0.54    0.76    0.50    0.80    0.50    0.83    0.50    0.80   
0.50    0.81    0.54    0.76    0.50    0.67    0.50    0.83    0.50    0.80   
# New slice
0.50    0.50    0.50    0.50    0.50    0.50    0.50    0.50    0.50    0.50   
0.51    0.35    0.56    0.50    0.51    0.47    0.55    0.58    0.47    0.57   
0.50    0.50    0.50    0.50    0.50    0.50    0.50    0.50    0.50    0.50   
0.50    0.50    0.50    0.50    0.50    0.50    0.50    0.50    0.50    0.50   
# New slice
0.50    0.50    0.50    0.50    0.50    0.50    0.50    0.50    0.50    0.50   
0.38    0.27    0.53    0.56    0.39    0.40    0.45    0.35    0.42    0.50   
0.50    0.50    0.50    0.50    0.50    0.50    0.50    0.50    0.50    0.50   
0.50    0.50    0.50    0.50    0.50    0.50    0.50    0.50    0.50    0.50   
# New slice
